11.67
19.68
15.63
17.50
17.69
14.70
15.91
19.06
16.55
17.52
18.57
18.66
16.10
14.47
15.84
13.22
14.48
14.42
15.42
16.72
17.36
16.23
17.70
16.44
14.15
15.18
16.31
13.83
17.40
18.80
14.12
19.34
16.96
15.69
18.32
17.37
18.45
15.83
14.92
17.25
16.98
15.22
18.82
17.56
17.49
15.83
17.43
16.19
16.74
17.55
18.88
18.97
16.44
15.73
16.87
17.06
15.49
16.45
16.24
14.44
14.46
19.12
18.68
16.78
15.50
16.52
18.77
17.60
17.53
16.48
16.07
14.73
17.43
17.03
17.02
14.18
17.29
17.56
18.80
14.05
14.70
17.06
17.63
16.40
17.48
18.11
18.40
18.30
13.76
17.15
16.48
16.82
14.91
17.25
16.75
16.24
13.63
17.35
17.38
16.52
16.05
17.73
17.73
18.12
16.37
16.37
18.01
15.73
27.14
26.32
26.48
26.03
27.49
25.84
26.14
26.19
26.76
24.85
25.93
26.35
26.99
24.83
26.63
27.50
26.15
25.56
24.75
27.10
25.42
26.81
25.05
25.26
25.21
25.58
25.78
26.16
24.91
25.64
25.55
24.81
26.47
25.22
25.32
24.92
25.55
25.50
25.58
26.11
25.18
25.92
26.37
25.35
25.40
26.66
25.39
26.13
24.88
25.62
25.60
25.78
26.98
25.88
25.85
24.96
26.61
26.23
26.12
30.75
23.13
21.21
22.09
21.23
23.21
20.71
21.20
19.09
22.35
21.90
21.24
21.10
23.03
20.42
20.72
20.27
28.74
28.67
28.49
28.57
28.71
28.68
28.60
28.60
28.60
28.76
28.50
15.28
15.42
15.50
23.03
21.61
22.56
23.12
21.12
21.71
21.79
23.26
22.42
22.18
23.15
23.10
22.13
22.84
22.74
21.74
23.00
24.26
23.07
23.30
23.05
22.77
21.97
23.60
22.47
21.75
21.52
23.25
21.31
22.32
21.35
21.10
21.12
23.47
22.82
22.70
20.96
21.52
23.86
21.65
22.31
23.03
23.92
21.70
21.20
22.71
20.82
23.81
21.75
22.31
20.62
20.37
20.92
23.71
22.73
30.38
30.39
30.35
28.69
28.81
28.60
29.95
28.38
29.13
28.45
29.17
30.18
29.31
29.81
29.69
28.04
29.62
28.15
30.70
29.39
28.19
28.90
29.53
28.99
29.98
29.70
30.14
31.11
31.10
33.73
34.20
32.71
32.37
34.30
34.30
34.09
32.93
22.80
22.82
23.79
23.78
22.56
23.65
24.05
24.49
23.80
24.01
22.79
23.76
24.43
23.79
23.80
23.43
22.85
23.68
23.63
23.36
25.25
23.64
23.68
16.19
12.97
17.87
15.86
15.14
17.92
16.83
13.01
14.32
11.92
12.66
13.47
13.32
13.40
14.23
13.01
14.46
14.47
13.30
15.44
15.44
16.18
17.34
14.52
13.01
14.80
13.97
15.28
15.36
15.97
16.51
12.54
14.82
13.14
12.15
15.35
12.97
12.31
12.54
12.90
12.88
12.31
16.41
12.77
16.47
16.21
12.72
14.62
12.97
16.70
13.93
16.52
13.38
13.75
14.62
13.27
13.34
13.35
12.80
16.77
13.10
9.50
11.18
11.21
10.03
10.05
12.34
11.86
9.17
10.02
8.89
9.60
11.43
11.26
11.25
10.65
11.07
11.12
8.61
8.40
10.78
12.10
10.78
12.03
11.75
8.51
9.94
10.52
10.91
9.39
11.61
10.56
24.57
21.80
23.85
21.92
26.57
23.24
24.20
21.33
24.92
22.07
25.90
23.85
25.67
22.97
22.60
26.43
24.65
26.23
22.33
22.75
22.72
22.62
23.17
23.16
23.64
21.83
21.83
23.10
24.07
26.51
23.85
23.46
24.47
24.45
23.35
24.53
23.85
22.04
24.58
23.20
21.68
22.10
23.30
23.43
25.67
25.43
24.42
23.84
24.74
23.19
23.53
21.26
19.10
19.11
20.71
21.10
21.05
18.73
20.95
21.16
19.89
19.15
19.85
18.15
18.24
19.32
20.11
21.18
19.30
21.05
18.99
20.54
20.46
19.96
20.35
17.53
21.25
19.97
19.95
20.90
18.55
20.17
21.47
20.56
19.72
16.69
21.01
19.85
19.25
21.23
20.48
18.57
20.70
18.78
16.70
19.88
18.41
18.75
20.56
20.90
20.26
19.29
18.96
21.16
19.43
19.17
21.38
20.01
20.00
19.34
19.11
18.17
19.68
17.68
19.27
17.98
18.62
18.53
18.50
19.91
17.00
16.86
16.86
17.70
21.55
20.78
21.35
17.67
20.30
19.20
18.40
19.23
17.05
19.36
19.47
20.07
20.75
21.47
20.10
20.41
24.79
25.57
25.52
23.71
22.88
25.92
25.67
26.10
20.71
21.49
22.12
21.34
21.95
21.06
19.91
20.27
20.27
19.32
21.82
20.47
20.67
18.86
21.87
20.47
21.63
20.32
19.81
22.24
19.18
21.47
18.69
10.93
11.94
11.94
30.14
31.64
30.39
31.82
30.17
30.37
30.68
30.41
30.92
30.95
30.66
32.04
31.53
30.78
31.33
31.33
31.38
30.71
30.59
30.91
30.23
30.54
29.98
30.82
30.78
32.27
30.32
31.22
30.48
30.98
30.15
30.25
30.65
30.13
31.45
26.45
27.56
25.83
23.54
25.10
26.65
25.75
26.10
27.23
25.35
28.03
25.45
24.89
27.17
28.31
26.88
26.70
27.39
29.93
26.47
29.62
26.74
26.92
26.92
25.35
24.60
28.13
26.29
26.50
26.58
25.18
27.15
27.64
27.05
27.21
27.85
24.62
27.60
25.79
25.07
28.09
28.45
26.03
27.61
27.70
29.32
26.17
24.58
27.33
13.03
13.11
12.80
13.08
12.68
9.51
11.60
13.12
9.86
10.01
12.70
13.09
11.00
11.72
10.74
12.13
10.36
11.35
11.46
11.76
12.95
12.72
11.58
9.08
9.74
12.84
10.96
11.05
9.19
11.01
12.54
11.44
10.97
10.98
10.92
13.02
9.92
10.67
11.11
11.30
11.80
10.80
8.18
11.23
13.04
11.62
12.99
12.97
11.78
9.54
10.43
10.67
10.39
9.18
13.05
9.46
9.37
11.67
9.17
9.46
9.52
12.93
8.96
10.79
10.02
9.48
10.78
8.81
12.24
10.81
11.38
10.81
8.73
12.50
11.09
12.24
13.16
8.82
11.42
10.58
10.38
12.69
12.92
12.92
11.95
11.40
11.51
9.59
23.84
27.19
27.89
25.45
28.91
28.28
26.47
26.80
26.07
28.78
27.58
25.76
27.43
25.48
29.10
28.35
28.36
26.80
25.92
25.40
29.38
28.30
27.50
28.04
28.41
28.46
29.14
27.15
25.20
28.57
29.70
26.51
27.57
26.78
26.78
28.22
27.40
25.93
27.15
28.85
26.52
29.77
28.66
25.59
28.08
27.14
26.76
28.73
27.42
28.72
27.60
28.42
26.15
25.76
25.45
23.31
29.40
27.06
26.47
26.50
27.81
29.28
28.26
29.52
27.80
27.72
27.95
26.85
26.81
24.70
28.75
26.86
25.30
27.24
27.50
25.96
25.24
29.11
29.00
28.99
29.02
25.16
28.92
28.84
26.09
25.30
28.78
29.48
29.45
29.62
26.94
28.58
24.42
25.99
28.64
28.72
26.23
28.82
25.58
24.20
29.97
28.08
28.59
27.08
27.65
27.88
29.46
29.35
27.12
28.44
27.57
26.26
26.55
27.98
27.20
28.02
26.55
25.32
27.58
30.34
30.34
29.23
29.98
29.22
29.58
30.12
29.87
26.50
22.88
23.69
22.84
24.10
22.79
22.48
22.65
22.65
25.23
23.05
22.58
23.24
22.95
22.64
23.24
22.66
22.84
22.89
22.57
26.74
23.08
23.67
22.57
22.48
22.81
22.89
21.79
27.05
24.68
26.13
22.63
23.50
25.40
22.83
22.98
22.67
22.84
22.03
22.95
22.58
22.91
25.01
26.27
26.53
23.70
24.47
22.45
25.63
23.22
22.98
22.67
22.95
23.95
26.88
23.65
22.34
22.34
22.73
26.33
22.49
22.70
23.41
23.72
22.70
22.51
22.33
23.20
22.33
22.91
23.42
22.77
22.78
22.64
22.69
23.24
22.47
23.34
25.62
22.44
24.17
23.19
23.62
22.71
23.26
26.73
22.74
26.72
23.91
22.61
22.74
22.47
22.66
