92.76
78.53
77.28
78.54
83.00
77.59
80.47
79.49
81.53
78.88
83.37
77.88
80.16
78.83
80.35
79.10
78.81
77.71
77.88
81.11
78.52
77.80
83.21
81.00
79.84
77.37
80.44
77.48
78.48
78.91
78.16
79.48
82.24
77.77
78.35
78.48
79.13
78.03
79.99
80.15
79.97
79.91
78.72
80.64
78.41
78.03
78.50
81.14
77.98
78.59
79.45
79.47
80.56
79.28
79.57
79.26
78.48
81.70
80.04
79.99
79.98
78.35
78.10
80.85
80.05
81.75
84.42
80.68
78.27
79.90
80.56
78.55
78.47
81.79
81.79
79.17
78.39
78.04
79.45
78.75
76.87
82.18
78.08
80.18
78.33
78.84
78.81
83.90
79.70
79.62
80.60
81.52
78.00
77.58
81.69
80.65
79.41
82.55
78.55
80.63
79.75
83.30
83.30
83.40
80.85
78.07
79.58
77.48
93.61
91.00
90.54
89.97
94.91
93.43
91.77
91.75
94.20
92.36
92.95
92.68
94.63
92.77
92.79
95.36
87.52
84.66
84.37
84.09
86.12
84.50
83.62
86.98
85.52
83.98
84.72
85.88
84.18
85.04
84.15
85.00
84.43
84.98
86.48
86.22
87.57
86.48
85.05
87.95
86.09
86.78
86.06
85.03
85.92
84.91
86.47
85.38
85.54
85.13
85.13
87.47
84.85
86.59
85.78
84.01
85.48
84.35
86.60
76.78
83.20
81.38
82.15
81.50
82.41
81.55
81.28
82.03
82.69
83.39
81.63
81.04
72.58
72.85
70.99
73.02
77.17
77.21
77.22
77.16
77.28
77.07
77.20
77.22
76.99
77.06
77.22
73.94
73.78
73.81
72.58
71.22
72.95
70.02
73.12
72.97
72.13
69.66
72.90
71.66
72.61
72.56
73.41
74.25
72.44
70.44
71.46
72.18
70.13
72.63
72.55
73.60
70.80
72.96
70.07
70.61
70.45
72.49
70.23
72.61
71.30
71.75
70.12
73.30
70.83
72.85
72.92
71.83
72.11
69.60
70.79
72.54
72.37
71.97
72.82
71.67
71.03
72.38
70.27
73.18
72.92
72.90
70.34
72.54
71.72
76.77
76.86
76.84
76.92
76.12
76.27
74.73
77.30
76.70
77.02
75.72
77.29
76.30
76.40
76.97
76.10
76.12
77.32
76.88
76.96
76.60
76.58
75.03
77.01
76.82
75.90
77.28
77.16
77.17
75.15
74.35
74.85
75.52
74.47
74.47
74.79
75.13
86.04
86.20
86.38
85.96
85.80
86.17
84.06
86.69
86.42
85.36
86.20
86.42
85.52
86.36
86.28
84.68
86.21
85.86
85.51
85.33
87.62
85.37
86.49
75.69
77.56
76.95
74.50
76.91
77.52
75.71
77.63
76.65
76.95
77.19
77.73
75.76
78.05
76.39
77.49
75.92
75.92
77.52
75.63
76.52
74.81
76.82
75.80
76.08
75.40
76.60
76.37
75.13
76.13
75.28
77.42
74.12
78.13
77.12
76.15
77.74
76.65
76.89
74.85
74.84
76.66
74.38
75.22
75.11
77.35
77.27
75.61
78.28
76.83
75.57
76.75
77.87
76.90
74.85
76.48
77.10
74.75
74.85
77.13
77.60
76.33
75.82
75.84
76.32
76.27
75.09
75.35
76.49
76.22
76.58
76.52
75.70
75.78
75.77
76.08
76.06
76.11
77.00
77.08
76.65
75.19
75.92
75.36
75.49
76.95
76.35
76.21
75.92
76.57
75.58
72.64
77.72
80.18
77.93
77.90
78.77
77.40
78.20
76.22
79.58
78.94
78.33
79.44
78.45
76.05
75.29
78.45
77.30
78.17
77.11
77.71
75.86
77.76
79.94
79.95
75.11
76.35
75.60
77.52
75.07
77.99
80.39
75.42
74.87
77.20
75.03
81.29
78.75
78.27
80.83
77.08
75.10
79.55
81.36
76.27
76.70
77.65
81.88
82.27
78.83
75.78
77.80
77.50
74.74
74.75
77.00
77.05
75.06
76.38
77.76
77.31
75.32
73.27
79.35
74.58
75.69
77.17
79.12
79.65
73.05
75.78
75.76
76.18
74.99
79.30
76.25
73.52
75.28
72.73
73.84
74.77
77.60
80.00
80.20
78.83
77.14
74.46
75.56
75.88
73.16
79.20
77.48
73.83
76.56
73.33
74.22
74.48
76.58
73.42
74.52
76.19
74.43
72.85
72.82
79.08
72.78
77.29
74.23
73.78
73.78
72.90
73.06
76.03
72.75
75.31
76.76
74.43
73.80
73.84
73.88
77.57
73.29
74.58
74.57
74.00
74.47
76.68
74.88
75.89
75.65
72.97
77.11
73.15
74.27
72.80
72.79
78.95
78.60
78.27
77.13
78.13
93.94
91.87
90.22
92.71
92.73
93.73
94.11
94.27
83.50
86.95
85.40
83.61
86.73
86.52
83.17
85.83
85.84
84.80
83.91
85.89
85.60
82.56
84.01
85.88
85.58
86.62
85.83
84.81
83.41
83.97
82.86
79.83
79.77
79.83
74.20
74.87
75.54
75.21
74.97
75.87
74.74
74.02
74.61
74.60
76.31
75.40
75.91
75.48
75.57
75.57
75.38
76.21
74.80
75.84
74.48
75.87
75.39
75.17
76.69
75.64
76.39
75.76
76.59
76.52
76.20
75.84
76.38
75.80
74.92
74.64
76.60
72.23
74.44
76.51
77.60
71.39
74.30
77.49
74.63
73.32
75.63
74.63
75.72
74.96
76.33
77.87
74.57
73.86
76.72
74.29
77.02
75.80
70.90
72.62
76.15
75.39
73.02
77.02
74.86
75.83
74.85
74.38
74.72
73.73
75.27
74.68
73.42
73.32
73.88
74.60
74.48
76.34
75.13
74.46
73.90
75.78
73.69
88.62
80.23
80.17
78.72
79.67
79.28
78.09
78.60
80.11
78.12
77.35
79.97
80.27
76.95
79.77
77.52
78.16
77.97
77.73
77.43
79.75
78.86
77.82
77.85
77.35
77.28
79.70
78.07
76.92
77.86
76.96
78.21
77.73
79.38
76.95
76.96
80.26
78.12
79.45
79.65
76.94
77.80
79.84
77.43
78.17
80.26
79.48
80.16
80.11
79.55
78.59
79.31
77.00
78.82
77.40
80.11
77.55
78.83
78.16
77.54
77.79
77.63
80.12
77.31
79.13
77.48
77.83
79.64
78.14
79.65
78.69
77.90
78.69
77.69
78.57
77.35
79.07
80.29
78.13
76.69
77.24
76.99
78.60
79.15
79.13
79.49
77.70
79.32
77.95
91.27
78.01
78.06
81.84
78.46
79.15
79.50
82.20
83.18
79.50
81.59
84.15
82.18
80.33
77.26
79.42
79.41
82.74
81.99
82.56
78.13
79.80
81.00
79.12
77.85
78.78
78.27
79.52
80.84
77.55
77.67
83.78
78.64
79.01
82.14
79.53
79.57
80.81
78.39
78.23
80.45
77.25
77.41
83.59
80.47
81.95
83.36
77.77
80.12
78.28
78.04
78.10
79.35
82.69
78.56
72.33
77.20
79.91
80.33
80.28
78.63
77.72
77.85
78.20
77.44
80.90
80.78
80.92
80.97
78.41
77.28
80.91
79.87
79.02
77.68
83.56
79.13
77.91
77.70
77.70
77.67
82.56
77.62
78.76
83.28
83.12
77.50
77.69
78.43
78.33
81.19
77.33
82.98
79.45
79.81
77.65
81.23
79.02
79.57
83.03
77.54
78.74
78.56
80.52
79.95
79.90
77.31
78.58
78.58
77.69
80.69
82.06
82.65
79.73
78.28
79.02
80.49
83.01
77.70
78.05
77.97
79.52
78.16
78.96
80.22
78.29
77.89
89.53
87.78
86.98
88.63
88.24
88.33
88.17
88.35
88.36
88.77
88.83
88.31
87.07
88.40
88.37
87.86
88.86
88.35
88.42
88.42
89.03
87.33
87.70
88.36
88.35
88.34
88.37
87.75
88.26
87.97
89.47
88.42
87.31
88.52
88.37
88.51
87.72
88.62
88.06
88.42
88.33
88.40
88.14
88.20
88.71
87.08
88.07
86.98
88.32
88.37
88.48
88.37
88.45
88.03
88.28
88.13
87.31
87.26
88.38
89.46
88.32
88.36
88.51
86.89
88.45
88.23
87.15
88.12
87.15
88.43
88.37
88.36
88.37
88.41
88.37
88.50
88.15
86.36
88.12
88.44
87.78
88.58
87.11
88.36
88.44
88.42
88.35
88.46
87.53
88.41
88.38
88.11
88.35
